0000
0001
0010
0011
0100
0101
0110
0111
0000
0001
0010
0011
0100
0101
0110
0111
0001
0010
0011
0100
0101
0110
0111
0000
0000
0000
0010
0011
0100
0101
0110
0111
0010
0011
0100
0101
0110
0111
0000
0001
0000
0000
0000
0011
0100
0101
0110
0111
0011
0100
0101
0110
0111
0000
0001
0010
0000
0000
0000
0000
0100
0101
0110
0111
0100
0101
0110
0111
0000
0001
0010
0011
0000
0000
0000
0000
0000
0101
0110
0111
0101
0110
0111
0000
0001
0010
0011
0100
0000
0000
0000
0000
0000
0000
0110
0111
0110
0111
0000
0001
0010
0011
0100
0101
0000
0000
0000
0000
0000
0000
0000
0111
0111
0000
0001
0010
0011
0100
0101
0110
0000
0000
0000
0000
0000
0000
0000
0000
0000
0001
0010
0011
0100
0101
0110
0111
0000
1001
1010
1011
1100
1101
1110
1111
1001
0000
0010
0011
0100
0101
0110
0111
1001
1010
1011
1100
1101
1110
1111
1000
1001
1001
0000
0011
0100
0101
0110
0111
1010
1011
1100
1101
1110
1111
1000
1001
1001
1001
1001
0000
0100
0101
0110
0111
1011
1100
1101
1110
1111
1000
1001
1010
1001
1001
1001
1001
0000
0101
0110
0111
1100
1101
1110
1111
1000
1001
1010
1011
1001
1001
1001
1001
1001
0000
0110
0111
1101
1110
1111
1000
1001
1010
1011
1100
1001
1001
1001
1001
1001
1001
0000
0111
1110
1111
1000
1001
1010
1011
1100
1101
1001
1001
1001
1001
1001
1001
1001
0000
1111
1000
1001
1010
1011
1100
1101
1110
